121.66753399607965,0.01466888096092157
67.16614319199951,0.002505268214894957
91.33806305585152,0.045672946748866045
63.43716379623525,0.5535527974791247
97.81574437847247,0.004907604664923754
106.93271263921366,0.03305820263779175
42.60867718441436,0.005813613819029328
80.6322079176796,0.007519715812992814
44.41686028571342,2.9272174723344495E-4
62.79467676499771,0.012697858358715506
75.84760056612647,0.01894358145483519
99.58480731503371,0.3537351433448821
88.72115538015741,0.24389891987121912
49.091785332182646,0.009336323437953093
41.25471047561515,0.18442605893686095
89.12650329219036,0.00820329110202218
92.11543693616272,0.004293663233603032
78.77344657277278,0.021808955811159863
125.55929827010696,0.02257595627023676
103.98119576796235,0.006045024744374906
74.48652641693133,0.030132432221261995
96.16279771151903,0.01640974768943765
53.94499884792332,0.019354193251257736
76.64283417721573,0.0495167288461598
64.82969876185693,0.010703994268384307
65.3945099662446,0.004354537713292856
60.506175912079314,0.011391803162152712
59.2902271010269,0.01721719131740435
99.12811089550466,0.04770397304113302
94.01998856602869,0.019504702474340867
57.996143628736775,7.59066357572397E-5
20.95097312430702,0.005226494827210639
76.9948303392947,0.1376656504925299
72.26170546465326,0.009688042091290207
99.44521847746682,0.01049952726110496
27.821845268153726,0.0018356201145216966
55.99817197829552,0.031103318356288205
29.35662055870998,0.011345204605117886
58.781788951810825,0.006858457442473905
94.31888748452648,0.014222958008582988
19.01519316822785,0.10140768431749714
62.78375173600223,4.8302278960211454E-4
100.05463441611147,0.05551643208135755
45.71089600983124,0.03625545333832906
110.45316009026953,0.00863467881216453
67.86587339574794,0.03591937131605426
84.99201641120996,0.005084504327102412
79.56299049839193,0.03318438046542978
67.15278267029372,0.01197280254113475
52.14847308855788,0.14963102027206307
103.1852431683836,0.014921749276562594
109.49970016014196,0.020327351191384548
82.20496483804784,0.023548619265224228
89.0169562540575,0.022411418336471863
42.16186675727688,0.01269525512286946
51.37020155987068,0.003105503264512182
72.25253326105206,0.007208161445839684
92.61427352939843,0.17368352250835548
71.7060028710616,0.008880169789774475
108.61300712862136,0.028673239356879026
96.47442312318462,0.10517993929390629
126.62987104523799,0.015181804194754418
47.774819500749516,0.019149245866785368
97.69794751003438,0.06039161669539174
86.5396650433202,0.1638045172190384
80.32491727139613,0.11287467587983663
118.76677899336907,0.013050631886629954
81.74044214647334,0.006953362393028889
101.71329654179067,0.004731707010971082
68.7972291315547,0.07289284923438573
72.66552936514601,0.005495386259583928
67.47320804282474,0.02521615167181249
54.841376054675344,0.015061020325669758
88.7587132278816,0.0019525095222355832
82.39520892136707,0.0033057880430719055
117.1197271888291,0.017619480843211036
78.80247497576859,0.043839480562897
80.32662922492398,0.0013294490075179285
115.41866794255172,0.02004382781105091
108.39806347868279,0.03884664520153605
22.429271682463863,0.08675909383772602
93.67353120447049,0.020408900335793612
100.72262437303941,0.006195305696069572
80.1350309748185,0.005221532970530561
51.477870258934765,0.0010709151397961824
80.15810844518262,0.07736438908186478
49.881610715490815,0.006688279129839954
23.920417993161116,0.014302275389448208
57.28197074833485,0.01813002952807834
80.6641605965197,0.0010744924542759422
29.55642508328289,0.003843637410906143
42.253638329024305,0.02379329312750281
52.999604354877775,0.0106222290270757
98.16015070090464,0.01584022639444714
97.80462423249115,0.010602555901218983
93.63919787917806,0.08619137156020037
102.12814392890456,0.01006355281798081
31.818274410354295,0.06750636889918689
96.46551406408335,0.00873045570304776
81.82830610845099,0.02581847390139191
110.12925404651797,0.027872165914096452
102.37163282361757,0.011380427467592703
5.737205590918054,0.037925502569733684
89.56162796301106,0.023358932372639286
17.264467898142055,0.009537709823677005
99.67652332814733,0.02514948175713286
114.48275365298795,0.025322834200075237
72.03247513053172,0.0632873385632883
92.77262337162203,0.006207951299726912
93.67496656942687,0.021777607613578217
63.35141984881693,0.011113907172315403
97.11711627048824,0.002091186153788071
89.42894521364076,0.16950772583760154
43.97818055575455,6.319472986579738E-4
79.29943370415681,7.597383780609361E-4
71.30320034572266,0.007931691558633821
61.72291190929257,0.002264044325210523
52.609441264140806,7.707603402809034E-4
42.592441711342914,0.09561730920983129
126.9933387271885,0.01676907259358365
39.19343123255519,0.05090733486422115
110.75735686605223,0.009183924345426926
89.48671463088526,0.013148461374553104
43.93056042137544,0.003473544666031004
84.76312487751107,0.008093592581252666
83.70746180184689,0.011331127548788249
60.29645297912031,0.0065405392727396336
9.985379383906249,0.0071509721513161395
97.7848157010391,0.060924250968581235
111.50248296258198,0.018560462186724698
84.76539911437878,0.015557537404105372
89.46508279265718,0.06291038465790384
91.55549820898645,0.039431724445887995
96.03544181193672,0.01647238730984982
94.38121321234536,0.012581267803888302
103.75968394772255,0.007739487081986488
72.26165346724338,0.023440090918934044
40.98906376112622,0.003643252381053604
100.7155584558313,0.005611442591621593
115.01644351400306,0.018437044986865284
61.58241510413444,0.021165328680069755
92.66792676263329,0.018572527123369428
40.42971691722955,0.07949646732559208
67.21195636645066,0.005324750130864959
57.68790548931196,0.007739858663610479
71.7569478571944,0.028679970490344705
30.864877993783438,0.04977205591965071
44.76427594053375,0.003843593832581122
70.56505453424192,0.005594772067718252
78.52785929184286,0.022705452580895236
70.23763460571655,0.8740874262848265
130.0823039616967,0.016381241206428112
97.04592750347305,0.01064828658307283
54.80202331096605,0.012666479589452242
54.25327040799308,0.05558906270355958
128.3735849701879,0.01445910159595237
44.47712168373916,0.013984082001292966
74.81734838882144,0.06672642633887886
84.19870149666828,0.013049100389994324
73.5049663985979,0.011171142578598822
17.957456162106897,0.02732880238309553
93.14415169197028,0.10099690896590385
6.6311360771173105,0.05761395237335378
74.34797582202842,0.04959346560623099
57.82621564203233,0.02832322623852869
27.461752520711272,0.018066003559232262
64.36831023270126,0.11712689729402331
85.5344963370526,0.011562716886373722
132.00456364776412,0.015604927533269997
93.38924585881234,0.002936703363073297
66.79771536785744,0.03263340564116657
75.862781405291,0.0033874044573906684
23.477080425894652,0.021131421268152664
85.22555134307157,0.013119470771041768
84.42427238807937,0.021468337473231135
43.78158691621514,0.01064946924613877
96.99609877167967,0.08146841888311983
72.37836591769421,0.07888342677872245
87.77720385530499,0.0058231865382653005
69.80954229856479,0.06018886327462698
23.061166444190185,0.008067212523498563
57.19582814280801,0.0326033190639796
66.19573570405998,0.014489458455138908
57.57287355117773,0.0030101042105127526
96.64030938633225,0.0011313858613236272
16.180355425363025,0.054138285293387406
103.97786963557205,0.015905115949140965
15.884527554579345,0.009878425026922181
90.88035612144687,0.4487275774887297
97.00776463628522,0.033394311195024944
130.09876762747803,0.015905344079487765
85.09520412969984,0.05051422151671415
20.281878456645767,0.006859774390400967
69.43275407726675,0.027222710480696143
41.22702120464039,0.004599934329535237
89.39705881354757,0.04673238656159269
118.52517981789634,0.013868332257130814
60.66868341286821,0.020078704815267547
46.76724372489818,0.18409380866591682
104.26041219858018,0.021458097194045594
138.99636854559725,0.017463691646230378
94.88880975967022,0.005965853875154292
90.11104232716269,0.01725918174566948
30.77304580244861,0.01814922394274577
24.793543094748042,0.3956902042364613
62.1312736835035,0.0022386157055112248
77.41724417161133,0.18028587899069018
98.56713078747873,0.020497044771581614
115.34010660511197,0.014509410623769778
88.58755677038133,0.0035617235520728962
96.3227458944931,1.051432705935951
77.37857052913398,0.03186419935189093
82.9595402821802,0.049718206916079435
132.2513837814559,0.01907625525072603
80.31756027081697,0.11051590054724214
62.11843078101432,0.013137353058610985
51.79377131590078,0.014761514048669596
9.498749340829326,0.007818831090888247
99.11577778828497,0.032551181376801616
125.71772472937367,0.01960811624332391
19.17526917347588,0.005350473431950685
81.374983951925,0.13516319847321648
87.05861002578082,0.009792197824896244
97.80043959901849,0.008876899861273635
76.36787216382389,0.0524865398306919
77.90459120678919,0.21756622208927598
71.41824278193296,0.006253338867198495
51.2297345499702,0.017678133085880145
93.34810370455465,0.05615156057877028
55.55445940791715,0.022084635144807963
72.14926780919039,0.02532241244996046
76.87044720555976,0.003473137235788467
95.13959533659465,2.5685390624722454E-4
88.32272957114856,0.011391197038491329
96.26896884803408,0.15042910872447304
80.04680838120254,7.168142206571454E-4
59.57412400051476,0.029725919859363497
89.7395952396401,0.0017517931677555477
107.0091917781764,0.011165785440526524
104.31883769861709,0.00955079331995166
50.03853691524023,0.04604691786585013
40.35115644843471,0.012665091652913824
69.18448910057377,0.007443283230799975
22.468872517125657,0.004989449030665287
96.09495723197342,0.04332790417095641
63.43147321349584,0.013308174975856443
62.42397630495697,3.371725266045059E-5
36.5153793761511,0.01147122140502248
86.55271177670049,0.049756321333963675
121.1067833380136,0.02553971061836609
90.36423960287183,0.001320095731913799
69.61316852397438,0.06364835854576552
85.04528015893696,0.019171034748222193
89.4215144371426,0.02308467358663034
84.31848807434959,3.0169066063337886E-4
104.17869816012424,0.010071308732048485
81.32118030534924,0.008648436341132089
81.62298285610909,0.002583337975642382
58.211766527080314,0.05621679704289036
94.40588144571531,0.010439294777921453
119.62821039360657,0.02046344946946758
65.05033267675915,0.020462883435843102
66.98581435039911,0.003455455676095852
83.81455235551358,0.021950084178638914
77.08095221538497,0.009814458911248745
130.7013940932996,0.01849350316475135
89.54125178065178,0.2775360603148746
111.21655166012806,0.010308100133722502
122.72963578504059,0.02404722220245749
122.25078655781891,0.014757532320122313
27.010841747721575,0.04269208152450743
10.6190227179009,0.015484986150456539
52.101632601042624,0.014137086004522141
50.229452164722495,0.0031160934505586185
64.58279774750481,0.00690676648840746
71.8793645281978,0.06920708582382819
81.25061978957804,0.043854820230727336
113.74105081485015,0.016221095560164805
96.85599939479927,0.00707905538308219
88.03356878086805,0.007062852367017409
36.43295635358547,0.49499894126305105
74.54935488339721,0.05818066101178681
78.23754224379978,0.03933633686027891
92.66623337793132,0.008232984584003166
84.14340473964464,0.04603549776806824
66.55222014474433,0.03242839513371636
54.14147346631527,0.021880334870297613
134.43443072913337,0.016587567697393175
103.61731969682641,0.013691764412352453
78.22136541518908,0.017620098304345473
100.15966357948236,0.025317872701658032
100.31105506020732,0.0028966915519850764
56.31037968630373,0.061874289927715126
79.70596235705239,5.002435735795638E-4
121.5703834507504,0.018773148176250934
72.88666295370703,0.023341427105119383
92.18018546868791,0.1778304233793201
99.72285754667969,0.06186221659964193
115.55108830572253,0.01525758605793394
62.75151370275496,0.021426491488873895
24.454965601327622,0.002329432843353181
81.3398434652328,0.019941811643498522
73.1947001465118,0.014374087229113779
99.07118509209964,0.012012895830559686
112.06139027968385,0.031662783995783185
105.75022626042784,0.011397953443113945
60.27444708336329,0.00494977536107038
31.06547550464903,0.003107919226661737
60.740634431376,0.05288997324154268
79.58354053444926,0.01617200728818231
99.09791857768656,0.009840768970285354
67.24513178747725,0.015021584902365622
35.22946856769466,0.09520311384282568
72.60828839450221,0.004136503268386919
93.67803733503159,0.028947339400037627
84.57400448802166,0.03113396838750079
69.50127052048495,0.0025517605169362674
110.71235104989947,0.0290882672732231
80.43645389833789,0.014275803306754082
91.11941344098436,0.07622940293743559
81.26002022016947,0.052442328613045895
98.19662703400294,2.463330700992204E-5
102.09730388201326,0.015053138181513508
95.47947683379239,0.025787483738184975
59.105868196941515,0.02492482739631288
81.87376602717723,0.0018810283027127024
71.21415433284338,0.021892122766872888
100.05619341086447,0.0489685004623178
22.831181211485962,0.005568808065509795
73.31441914161321,0.01125861911018527
92.1033384363135,1.1724796453772666E-4
93.44215969221486,0.028512852303178057
46.55407014562125,0.33117814569326537
88.14047262576716,0.052342378961248354
104.44588751971848,0.010847139714333426
24.450811112643343,0.18716652344553805
73.24015919049015,0.12292859439400666
129.38279552270876,0.015388555015290788
122.71217001581387,0.014308877583942213
108.87406775879977,0.021987188677147475
65.06443967492139,0.036685777322915995
84.89971171981762,0.0018372775471106927
56.0727831782059,0.01943232665279226
